0.07	69.0	19.6
0.09	69.0	12.0
0.12	68.6	26.0
0.17	83.0	8.0
0.1791	75.0	3.8
0.1993	75.0	4.9
0.2	72.9	29.6
0.27	77.0	14.0
0.28	88.8	36.6
0.3519	83.0	13.0
0.3802	83.0	4.3
0.4	95.0	17.0
0.4004	77.0	2.1
0.4247	87.1	2.4
0.4497	92.8	4.5
0.47	89.0	23.0
0.4783	80.9	2.1
0.48	97.0	62.0
0.5929	104.0	11.6
0.6797	92.0	6.4
0.75	98.8	33.6
0.7812	105.0	9.4
0.8	113.1	15.1
0.8754	125.0	15.3
0.88	90.0	40.0
0.9	117.0	23.0
1.037	154.0	13.6
1.26	135.0	65.0
1.3	168.0	17.0
1.363	160.0	33.6
1.43	177.0	18.0
1.53	140.0	14.0
1.75	202.0	40.0
1.965	186.5	50.4
